PITCHES
146,
146,
293,
0,
220,
0,
207,
0,
195,
0,
174,
0,
146,
174,
195,
130,
130,
293,
0,
220,
0,
207,
0,
195,
0,
174,
0,
146,
174,
195,
123,
123,
293,
0,
220,
0,
207,
0,
195,
0,
174,
0,
146,
174,
195,
116,
116,
293,
0,
220,
0,
207,
0,
195,
0,
174,
0,
146,
174,
195,
293,
293,
587,
0,
440,
0,
415,
0,
391,
0,
349,
0,
293,
349,
391,
261,
261,
587,
0,
440,
0,
415,
0,
391,
0,
349,
0,
293,
349,
391,
246,
246,
587,
0,
440,
0,
415,
0,
391,
0,
349,
0,
293,
349,
391,
233,
233,
587,
0,
440,
0,
415,
0,
391,
0,
349,
0,
293,
349,
391,
DURATIONS
166,
166,
166,
-166,
166,
-333,
166,
-166,
166,
-166,
166,
-166,
166,
166,
166,
166,
166,
166,
-166,
166,
-333,
166,
-166,
166,
-166,
166,
-166,
166,
166,
166,
166,
166,
166,
-166,
166,
-333,
166,
-166,
166,
-166,
166,
-166,
166,
166,
166,
166,
166,
166,
-166,
166,
-333,
166,
-166,
166,
-166,
166,
-166,
166,
166,
166,
166,
166,
166,
-166,
166,
-333,
166,
-166,
166,
-166,
166,
-166,
166,
166,
166,
166,
166,
166,
-166,
166,
-333,
166,
-166,
166,
-166,
166,
-166,
166,
166,
166,
166,
166,
166,
-166,
166,
-333,
166,
-166,
166,
-166,
166,
-166,
166,
166,
166,
166,
166,
166,
-166,
166,
-333,
166,
-166,
166,
-166,
166,
-166,
166,
166,
166,
