PITCHES
277,
261,
277,
261,
207,
174,
138,
207,
174,
195,
207,
174,
195,
207,
174,
195,
277,
261,
277,
261,
207,
174,
138,
207,
233,
195,
0,
207,
233,
195,
0,
207,
233,
261,
277,
261,
277,
261,
207,
174,
138,
207,
174,
195,
0,
207,
0,
207,
174,
0,
174,
195,
0,
195,
0,
207,
0,
207,
174,
0,
174,
195,
0,
195,
277,
261,
277,
261,
349,
233,
207,
233,
207,
233,
207,
233,
246,
233,
207,
164,
130,
138,
164,
174,
261,
207,
174,
138,
207,
174,
138,
103,
138,
103,
207,
138,
195,
138,
174,
103,
164,
174,
195,
164,
174,
130,
174,
195,
207,
174,
207,
233,
261,
233,
207,
195,
207,
195,
174,
207,
174,
207,
311,
174,
277,
311,
261,
277,
233,
261,
207,
233,
261,
261,
207,
174,
138,
207,
174,
195,
207,
174,
195,
207,
174,
195,
277,
261,
277,
261,
349,
233,
207,
233,
207,
233,
207,
233,
246,
233,
207,
174,
138,
130,
164,
174,
DURATIONS
166,
166,
166,
333,
333,
333,
333,
333,
166,
833,
333,
166,
833,
333,
166,
499,
166,
166,
166,
333,
333,
333,
333,
333,
166,
666,
-166,
333,
166,
666,
-166,
333,
166,
333,
166,
166,
166,
333,
333,
333,
333,
333,
166,
499,
-333,
333,
333,
333,
166,
166,
166,
499,
499,
499,
-333,
333,
333,
333,
166,
166,
166,
499,
499,
499,
166,
166,
166,
333,
333,
333,
333,
166,
333,
499,
166,
166,
166,
166,
333,
333,
333,
333,
333,
1166,
333,
333,
333,
333,
333,
333,
333,
333,
166,
166,
166,
166,
166,
166,
166,
166,
333,
333,
333,
333,
166,
166,
166,
166,
166,
166,
166,
166,
166,
166,
166,
166,
166,
166,
166,
166,
166,
166,
166,
166,
166,
166,
166,
166,
166,
166,
166,
166,
666,
333,
333,
333,
333,
333,
166,
833,
333,
166,
833,
333,
166,
499,
166,
166,
166,
333,
333,
333,
333,
166,
333,
499,
166,
166,
166,
166,
333,
333,
333,
333,
333,
1833,
